# Orekit 13.1 org.orekit.files.stk.STKEphemerisFileParser parse of stk_02674_pva.e
# Produced by gmat09-authority/java/DumpStkEphemeris.java; see PROVENANCE.md.
# frame=EME2000 interpolationSamples=6 derivatives=USE_PVA scenarioEpoch=2007-01-12T00:00:00.000883Z
# columns: t_sec  px py pz  vx vy vz  ax ay az   (METRES, Orekit's own units)
0.00000000000000000e+00 -4.20018281595549826e+06 -3.91059392672702391e+06 -4.58193014443687722e+06 5.47702829032041518e+03 -4.62967859543209306e+03 -1.08173253372278737e+03 4.21957141110010969e+00 3.93352156356702620e+00 4.61865279964561370e+00
6.00000000000000000e+01 -3.86415436513983877e+06 -4.18113844422111847e+06 -4.63849046193830669e+06 5.72029018145997270e+03 -4.38559124426817471e+03 -8.02871008545311270e+02 3.88132388977960208e+00 4.20502458197491968e+00 4.67513241195533702e+00
1.20000000000000000e+02 -3.51414622656614799e+06 -4.43655700586487539e+06 -4.67822487217290513e+06 5.94287681248758781e+03 -4.12561415943502743e+03 -5.21071765369502486e+02 3.53033053369287675e+00 4.46283741090374164e+00 4.71629993648656143e+00
1.80000000000000000e+02 -3.15142147117902152e+06 -4.67592114914628025e+06 -4.70098470138999727e+06 6.14404957998902501e+03 -3.85058876462862372e+03 -2.37257196982177021e+02 3.16748017818121763e+00 4.70628389047654405e+00 4.74203375322529297e+00
2.40000000000000000e+02 -2.77728589277487807e+06 -4.89835411752819642e+06 -4.70667686268432159e+06 6.32312367464819363e+03 -3.56139668250845807e+03 4.76434765290947482e+01 2.79367787314116001e+00 4.93470014929267808e+00 4.75222817395028230e+00
3.00000000000000000e+02 -2.39308474372978276e+06 -5.10303325539201032e+06 -4.69526423747044802e+06 6.47946914168136209e+03 -3.25895904119543547e+03 3.32695168392035441e+02 2.40984789903210572e+00 5.14743319251292508e+00 4.74679367510270200e+00
3.60000000000000000e+02 -2.00019940091689094e+06 -5.28919236273244303e+06 -4.66676599754188489e+06 6.61251212995985770e+03 -2.94423585233339736e+03 6.16957912562233219e+02 2.01693703414391790e+00 5.34383994306535826e+00 4.72565756624924127e+00
4.20000000000000000e+02 -1.60004395037263981e+06 -5.45612401290148217e+06 -4.62125786533503234e+06 6.72173634299897003e+03 -2.61822543226863127e+03 8.99487904183557362e+02 1.61591800827572452e+00 5.52328677844070004e+00 4.68876509769603711e+00
4.80000000000000000e+02 -1.19406167861866904e+06 -5.60318183497059625e+06 -4.55887230848148745e+06 6.80668470099133174e+03 -2.28196383540534453e+03 1.17933861949327161e+03 1.20779307399207370e+00 5.68514960349144616e+00 4.63608100811297419e+00
5.40000000000000000e+02 -7.83721458128341241e+05 -5.72978276041233819e+06 -4.47979866319153085e+06 6.86696121879822840e+03 -1.93652426644709317e+03 1.45556204149206201e+03 7.93597622021756099e-01 5.82881449703484300e+00 4.56759150883735909e+00
6.00000000000000000e+02 -3.70514014257134055e+05 -5.83540923180120625e+06 -4.38428317947930377e+06 6.90223310025975843e+03 -1.58301643605785739e+03 1.72721001737400684e+03 3.74403762446101684e-01 5.95367896689586118e+00 4.48330669699067474e+00
